[[ 255.  255.  255.  255.  255.  255.    0.    0.    0.    0.    0.    0.]
 [ 255.  255.  255.  255.  255.  255.   -0.    0.    0.    0.    0.    0.]
 [ 255.  255.  255.  255.  255.  255.    0.    0.    0.    0.    0.    0.]
 [ 255.  255.  255.  255.  255.  255.    0.    0.    0.    0.    0.    0.]
 [ 255.  255.  255.  255.  255.  255.    0.    0.    0.    0.    0.    0.]
 [ 255.  255.  255.  255.  255.  255.    0.    0.   -0.    0.    0.    0.]
 [ 255.  255.  255.  255.  255.  255.    0.    0.    0.    0.    0.    0.]
 [ 255.  255.  255.  255.  255.  255.    0.    0.    0.    0.    0.    0.]
 [ 255.  255.  255.  255.  255.  255.    0.    0.    0.    0.    0.    0.]
 [ 255.  255.  255.  255.  255.  255.    0.    0.    0.    0.    0.    0.]
 [ 255.  255.  255.  255.  255.  255.    0.    0.    0.    0.    0.    0.]
 [ 255.  255.  255.  255.  255.  255.    0.    0.    0.    0.    0.    0.]]
pos (6,5)
255.0
255.0
255.0
0.0
0.0
255.0
255.0
255.0
0.0
0.0
255.0
255.0
255.0
0.0
0.0
255.0
255.0
255.0
0.0
0.0
255.0
255.0
255.0
0.0
0.0
[[ 0.0183  0.0498  0.1353  0.      0.    ]
 [ 0.0498  0.3679  0.3679  0.      0.    ]
 [ 0.1353  0.3679  1.      0.      0.    ]
 [ 0.0498  0.3679  0.3679  0.      0.    ]
 [ 0.0183  0.0498  0.1353  0.      0.    ]]
